# 2007 2 0
# 2008 53 1
# 2009 34 2
# 2010 56 3
# 2011 113 4
# 2012 332 5
# 2013 229 6
# 2014 323 7
# 2015 538 8
# 2016 325 9
# 2017 309 10
# 2018 343 11
# 2019 31 12
1 0 2
6 1 2
5 2 2
5 3 2
9 4 3
3 5 3
6 6 2
5 7 3
5 8 2
5 9 2
4 10 2
5 11 3
9 12 3
4 13 2
6 14 3
10 14 3
6 15 2
7 15 3
5 16 2
7 16 3
8 16 7
10 16 5
11 16 4
10 17 3
12 18 2
5 19 4
6 19 3
7 19 5
8 19 10
9 19 7
12 20 2
5 21 2
3 22 2
4 23 2
5 23 3
6 23 2
8 23 5
1 24 2
6 25 2
5 26 2
5 27 2
5 28 2
4 29 3
5 29 4
6 29 4
7 29 3
8 29 5
10 29 5
11 30 3
6 31 2
1 32 2
4 33 2
5 33 2
8 34 4
9 34 4
10 35 3
9 36 3
5 37 2
11 38 4
6 39 2
7 39 3
8 39 4
9 39 3
6 40 3
4 41 2
8 41 3
10 42 3
7 43 3
5 44 2
6 44 2
4 45 4
5 45 3
8 45 3
11 45 3
4 46 2
5 47 3
6 48 4
7 48 4
8 48 6
9 48 7
10 48 5
11 48 7
8 49 3
9 49 3
5 50 2
6 50 4
5 51 2
8 52 3
4 53 2
5 53 2
6 53 4
7 53 4
8 53 4
9 53 4
4 54 3
5 54 3
6 55 2
7 56 3
5 57 2
5 58 2
5 59 2
8 60 3
8 61 3
9 62 3
5 63 2
1 64 2
9 65 3
5 66 3
7 66 3
8 66 4
4 67 2
12 68 2
1 69 2
5 70 2
6 71 3
6 72 2
8 73 4
10 73 4
11 73 3
11 74 7
7 75 3
6 76 2
9 77 3
11 78 7
8 79 3
5 80 2
6 81 2
7 82 3
10 82 4
3 83 2
8 84 3
8 85 8
9 85 5
10 85 5
11 85 7
2 86 5
3 86 4
4 86 4
5 86 13
6 86 6
7 86 20
8 86 20
9 86 17
5 87 2
10 88 4
5 89 2
8 90 3
5 91 2
11 92 8
6 93 2
5 94 3
4 95 2
9 96 3
9 97 3
5 98 2
8 99 3
5 100 3
6 100 2
8 100 5
9 100 5
10 100 5
11 100 6
5 101 2
11 102 3
8 103 5
9 103 10
10 103 9
11 103 14
12 103 2
5 104 3
7 105 8
8 105 5
9 105 4
10 105 6
11 105 9
12 105 2
8 106 10
9 106 6
10 106 10
11 106 8
12 106 2
2 107 2
5 108 2
6 109 3
6 110 2
6 111 2
11 112 4
6 113 3
7 113 5
10 113 5
2 114 2
3 114 3
5 114 2
6 114 3
7 114 5
8 114 9
9 114 4
6 115 2
8 115 4
8 116 4
9 116 6
7 117 3
8 118 3
9 118 5
10 119 3
6 120 2
5 121 7
6 121 5
7 121 10
8 121 17
9 121 21
10 121 14
11 121 20
5 122 2
6 123 2
8 123 6
1 124 2
3 124 3
5 124 3
6 124 5
7 124 4
8 124 3
9 125 4
9 126 3
11 127 4
12 128 2
4 129 2
5 129 2
5 130 2
7 130 3
6 131 2
6 132 2
4 133 2
4 134 2
8 135 5
9 135 3
5 136 2
10 137 3
7 138 5
8 138 4
10 138 5
11 138 5
4 139 2
7 139 5
9 139 3
4 140 2
12 141 2
10 142 3
6 143 3
8 143 3
9 144 3
7 145 4
8 145 4
10 145 3
12 146 2
4 147 2
5 148 2
7 148 3
5 149 3
8 150 3
7 151 3
9 152 3
3 153 2
5 154 2
7 154 4
10 154 4
7 155 3
8 155 3
9 155 3
9 156 3
11 157 7
10 158 3
11 158 3
8 159 4
9 160 3
5 161 2
9 162 3
11 162 4
5 163 2
6 164 2
2 165 2
4 165 3
5 165 2
5 166 2
6 167 2
8 168 3
6 169 2
7 170 3
5 171 3
5 172 3
5 173 4
6 173 4
7 173 5
8 173 7
9 173 4
10 173 6
6 174 2
1 175 2
5 176 5
6 176 9
7 176 12
8 176 17
9 176 15
10 176 17
11 176 23
6 177 2
8 177 5
12 178 2
8 179 8
9 179 7
10 179 11
11 179 10
5 180 2
4 181 2
5 181 3
7 181 6
7 182 4
8 182 6
9 182 5
1 183 2
5 184 4
6 184 2
5 185 2
5 186 5
7 186 12
8 186 8
9 186 5
10 186 9
10 187 4
6 188 3
12 188 3
5 189 3
6 189 2
7 189 3
5 190 2
11 191 5
3 192 2
10 193 4
7 194 3
7 195 3
8 195 4
8 196 3
8 197 4
10 197 4
11 197 5
9 198 3
10 198 3
5 199 3
7 199 3
10 200 3
8 201 3
8 202 10
9 202 7
10 202 3
11 202 4
12 202 2
9 203 3
11 204 3
6 205 2
5 206 5
7 206 4
8 206 12
6 207 2
4 208 2
6 208 2
6 209 3
10 210 3
5 211 2
7 212 3
5 213 2
5 214 3
5 215 2
8 216 3
10 216 3
9 217 3
4 218 2
8 219 3
6 220 2
5 221 2
7 221 3
10 222 3
6 223 2
8 224 3
11 225 3
6 226 2
10 226 3
1 227 2
9 228 3
5 229 2
5 230 3
10 231 4
11 231 5
5 232 2
8 233 3
9 233 3
10 234 3
5 235 2
7 235 3
10 236 5
11 236 5
4 237 2
1 238 2
9 239 3
3 240 2
4 240 3
5 241 3
6 242 2
10 243 6
11 243 4
5 244 2
5 245 4
7 245 3
5 246 3
5 247 2
5 248 2
9 249 3
7 250 3
7 251 3
10 252 4
4 253 2
5 254 2
8 255 4
8 256 3
5 257 2
3 258 3
7 258 4
8 258 4
9 258 4
10 258 6
4 259 2
10 260 3
11 260 3
11 261 3
7 262 5
5 263 3
10 264 3
11 264 3
12 264 2
1 265 2
2 266 2
7 267 3
5 268 3
5 269 2
7 269 3
8 269 4
9 269 4
8 270 3
3 271 2
4 272 2
5 273 3
9 274 3
7 275 3
6 276 2
9 277 3
2 278 2
5 279 2
8 280 3
8 281 3
6 282 2
8 282 4
9 282 3
11 283 3
4 284 2
5 285 3
1 286 2
8 287 3
5 288 2
5 289 2
9 290 4
5 291 2
8 292 4
7 293 3
8 294 3
9 294 3
6 295 2
11 296 4
3 297 2
4 297 3
1 298 2
5 299 2
4 300 3
5 301 2
2 302 2
6 303 2
6 304 2
0 305 2
1 305 17
2 305 15
3 305 18
4 305 28
5 305 46
6 305 43
7 305 73
8 305 94
6 306 2
5 307 2
10 308 3
8 309 4
3 310 2
6 311 2
7 312 3
8 312 3
4 313 2
5 313 2
6 313 2
11 314 4
5 315 2
8 316 5
9 316 5
10 316 5
11 316 4
8 317 6
9 317 5
11 317 7
9 318 3
10 319 4
4 320 2
6 320 2
7 320 3
11 321 3
8 322 4
9 322 5
10 323 3
1 324 2
11 325 4
10 326 3
11 326 3
10 327 3
11 327 3
3 328 2
8 329 3
10 329 3
11 330 3
11 331 3
8 332 4
9 332 4
10 332 4
11 332 4
11 333 3
1 334 2
3 334 2
9 335 3
4 336 2
5 336 5
10 337 5
11 337 7
10 338 3
5 339 2
6 340 2
8 341 3
11 341 3
1 342 2
5 343 2
5 344 2
11 345 6
11 346 4
9 347 3
1 348 2
5 349 3
7 350 3
5 351 2
2 352 2
11 353 3
3 354 2
5 355 4
6 355 3
5 356 2
6 356 2
8 356 3
9 356 3
5 357 3
6 357 3
6 358 2
8 358 3
11 358 3
8 359 6
9 359 7
10 359 4
11 359 8
6 360 2
11 361 4
6 362 2
7 362 4
5 363 2
6 364 2
7 364 4
8 364 3
10 365 3
1 366 2
6 366 3
5 367 3
9 368 5
10 368 7
11 368 3
4 369 2
6 370 2
11 371 3
4 372 2
11 373 3
7 374 11
8 374 35
9 374 28
10 374 32
11 374 32
12 374 4
8 375 3
8 376 4
8 377 3
4 378 3
8 379 4
