# 2007 0 0
# 2008 0 1
# 2009 8 2
# 2010 0 3
# 2011 9 4
# 2012 16 5
# 2013 18 6
# 2014 48 7
# 2015 67 8
# 2016 53 9
# 2017 34 10
# 2018 10 11
# 2019 0 12
8 0 2
8 1 2
11 2 2
8 3 2
7 4 2
10 5 2
5 6 2
8 6 2
9 7 2
7 8 3
7 9 2
9 10 2
7 11 2
8 12 3
7 13 2
9 14 3
9 15 2
6 16 2
7 16 2
7 17 2
8 18 2
9 19 2
11 20 2
8 21 2
7 22 2
8 23 2
9 23 3
8 24 2
9 25 2
8 26 2
6 27 2
7 28 2
2 29 2
7 30 2
8 31 2
9 32 2
9 33 2
5 34 2
6 34 2
7 34 5
9 34 4
8 35 2
9 35 2
7 36 2
8 37 2
9 37 2
11 38 2
8 39 2
8 40 2
9 40 3
8 41 2
10 42 2
2 43 2
6 44 2
9 44 5
10 44 2
6 45 2
10 46 3
9 47 2
4 48 3
5 48 3
6 48 2
8 48 2
10 48 2
10 49 2
5 50 2
6 50 2
7 50 3
8 50 2
9 50 2
9 51 2
10 52 3
2 53 2
7 54 2
8 55 2
6 56 2
10 57 2
10 58 2
5 59 2
8 60 2
9 60 2
10 61 2
8 62 2
8 63 2
4 64 2
4 65 2
8 66 2
6 67 2
8 68 3
10 69 2
8 70 2
7 71 2
8 72 2
10 73 2
4 74 2
10 75 2
11 76 2
7 77 3
5 78 3
7 78 4
8 78 2
10 78 2
8 79 2
10 80 2
8 81 2
9 82 2
7 83 2
9 84 2
2 85 2
10 86 2
8 87 3
8 88 2
9 88 2
7 89 2
11 90 2
8 91 2
5 92 2
7 92 2
9 93 3
