# 1998 4 0
# 1999 12 1
# 2000 2 2
# 2001 22 3
# 2002 42 4
# 2003 28 5
# 2004 12 6
# 2005 51 7
# 2006 82 8
# 2007 79 9
# 2008 166 10
# 2009 243 11
# 2010 321 12
# 2011 295 13
# 2012 313 14
# 2013 232 15
# 2014 382 16
# 2015 330 17
# 2016 440 18
# 2017 466 19
# 2018 461 20
17 0 3
8 1 3
16 1 2
9 2 2
10 2 4
13 2 3
16 2 2
17 2 3
18 2 3
19 2 5
20 2 6
13 3 2
16 4 2
11 5 2
11 6 2
12 6 3
14 6 2
18 6 3
13 7 2
12 8 2
11 9 2
9 10 2
7 11 3
12 11 4
13 11 2
16 11 2
19 11 5
9 12 2
19 12 4
14 13 2
7 14 3
15 14 4
16 14 3
17 14 4
18 14 3
19 14 5
10 15 2
11 16 2
9 17 2
14 18 3
16 19 2
16 20 2
17 20 4
18 20 4
19 20 4
11 21 2
13 22 2
15 23 5
7 24 2
14 24 3
15 24 3
16 24 2
16 25 2
10 26 2
11 26 2
12 26 3
13 26 3
10 27 2
14 27 2
2 28 2
4 28 4
8 28 2
9 28 2
10 28 5
11 28 6
12 28 8
13 28 4
14 28 7
15 28 5
16 28 7
17 28 5
18 28 6
19 28 11
20 28 8
18 29 3
15 30 3
18 30 6
16 31 3
18 31 4
11 32 2
16 32 2
17 32 3
18 32 3
19 32 4
17 33 3
11 34 2
17 34 5
18 34 3
19 34 7
12 35 3
15 35 3
10 36 2
14 37 2
12 38 2
4 39 2
13 40 2
16 41 2
13 42 2
14 42 2
3 43 2
4 43 3
6 43 2
7 43 3
8 43 5
9 43 3
10 43 2
11 43 3
12 43 5
13 43 5
14 43 4
15 43 7
17 43 9
18 43 6
19 43 6
20 43 8
16 44 3
11 45 3
12 45 3
16 45 2
19 45 4
16 46 2
10 47 2
18 48 3
7 49 2
9 49 3
14 49 2
13 50 2
14 51 2
18 51 3
7 52 2
8 52 3
10 52 3
11 52 6
12 52 2
13 52 5
14 52 2
15 52 3
17 52 4
18 52 8
19 52 7
20 52 7
11 53 2
3 54 2
4 54 5
5 54 2
7 54 3
9 54 3
12 54 6
13 54 2
15 54 4
16 54 5
17 54 5
18 54 6
19 54 9
20 54 9
10 55 2
11 56 2
16 57 3
10 58 2
11 58 2
12 58 2
14 58 4
15 58 5
16 58 4
17 58 3
19 58 5
20 58 6
14 59 3
5 60 2
11 60 2
13 60 2
16 60 2
16 61 2
19 61 5
20 61 7
12 62 2
11 63 2
14 63 2
17 64 3
16 65 2
18 66 3
10 67 3
12 67 2
14 67 2
15 67 3
16 67 2
19 67 6
20 67 6
13 68 2
8 69 2
10 69 2
11 69 2
12 69 4
13 69 4
14 69 3
16 69 2
17 69 6
18 69 6
9 70 2
12 70 2
13 70 3
14 70 6
16 70 2
17 70 4
18 70 5
11 71 4
12 71 3
14 71 2
16 71 3
19 71 4
12 72 2
13 72 3
14 72 2
16 72 2
13 73 2
16 74 2
16 75 2
12 76 3
15 77 3
16 77 3
12 78 2
16 79 2
1 80 2
3 80 2
4 80 2
14 80 2
16 80 2
19 80 5
8 81 2
11 82 3
12 82 2
13 82 2
16 82 2
7 83 2
13 84 2
14 85 2
15 86 3
13 87 2
11 88 2
13 89 2
13 90 2
17 91 3
13 92 2
14 93 3
17 93 4
18 93 5
19 93 6
8 94 2
11 94 3
12 94 2
13 94 4
14 94 2
20 94 6
8 95 2
10 95 2
16 95 3
18 95 3
19 95 5
13 96 2
16 97 2
18 97 3
14 98 2
15 98 3
16 98 5
18 98 5
19 98 4
20 98 5
14 99 2
17 99 3
16 100 2
19 101 5
20 101 8
11 102 2
12 102 2
13 102 2
16 102 2
20 102 6
18 103 3
10 104 3
15 104 4
19 104 8
7 105 2
13 106 3
12 107 3
14 108 2
16 108 2
11 109 2
13 109 3
18 109 3
13 110 2
5 111 2
12 112 3
18 112 4
9 113 2
7 114 2
16 115 2
13 116 2
11 117 3
16 117 3
8 118 2
15 119 3
8 120 3
9 120 3
10 120 3
11 120 3
13 120 3
14 120 5
15 120 4
16 120 2
18 120 4
11 121 2
12 121 2
13 121 2
14 121 2
15 121 4
16 121 3
19 121 8
20 121 5
16 122 3
9 123 2
14 124 2
11 125 3
12 125 4
13 125 3
14 125 4
16 125 3
17 125 5
18 125 6
19 125 5
20 125 8
1 126 2
16 127 2
17 127 4
18 127 3
10 128 2
12 128 2
14 128 2
16 128 3
20 128 8
16 129 2
13 130 2
14 130 2
16 131 2
17 131 3
11 132 2
13 132 2
18 132 3
20 132 6
14 133 2
11 134 2
18 134 3
3 135 3
4 135 2
5 135 4
6 135 2
7 135 2
12 136 2
20 136 6
10 137 2
11 137 2
12 137 3
13 137 3
15 137 3
17 137 3
19 137 4
20 137 6
17 138 4
18 138 3
16 139 2
4 140 2
4 141 2
7 142 2
5 143 2
0 144 2
14 144 2
4 145 2
11 146 2
16 146 2
14 147 2
11 148 2
13 148 2
16 149 3
3 150 5
4 150 2
5 150 3
7 150 3
8 150 3
9 150 2
10 150 3
12 150 5
13 150 7
14 150 2
15 150 4
16 150 4
17 150 5
18 150 5
19 150 6
20 150 18
13 151 2
5 152 2
8 152 2
8 153 2
11 153 2
12 153 4
13 153 2
14 153 4
16 153 3
17 153 4
18 153 5
19 153 8
20 153 11
16 154 2
10 155 2
14 155 2
16 155 3
19 156 4
14 157 2
16 157 2
16 158 2
11 159 2
18 159 3
12 160 2
0 161 2
10 161 2
13 161 3
19 161 4
7 162 2
11 162 2
12 162 2
19 162 4
18 163 3
19 163 6
20 163 7
15 164 4
20 164 6
4 165 2
11 166 3
11 167 2
12 167 2
13 167 3
16 167 2
10 168 2
11 168 4
12 168 2
13 169 2
4 170 2
7 171 2
10 171 3
11 171 3
12 171 4
19 171 6
14 172 2
12 173 2
13 174 2
18 174 3
11 175 2
13 175 2
9 176 2
12 177 2
10 178 2
11 178 2
12 178 2
10 179 2
11 179 4
12 179 3
14 179 3
18 179 5
12 180 2
18 181 3
16 182 2
12 183 2
12 184 3
16 184 2
19 184 4
13 185 3
7 186 2
11 186 3
13 186 2
16 186 2
19 186 4
11 187 3
13 187 2
17 187 3
18 187 4
8 188 4
10 188 5
11 188 6
12 188 5
13 188 4
14 188 8
15 188 12
16 188 15
17 188 11
18 188 18
19 188 24
20 188 16
13 189 2
13 190 3
11 191 3
12 192 4
13 192 2
18 192 3
8 193 2
9 194 2
10 194 3
11 194 2
13 194 2
14 194 5
16 194 5
17 194 3
18 194 3
8 195 4
9 195 3
11 195 2
12 195 6
13 195 8
14 195 2
15 195 4
17 195 13
18 195 11
19 195 13
20 195 11
8 196 2
10 196 2
18 197 6
9 198 2
16 199 2
9 200 2
14 201 2
14 202 4
16 202 2
17 202 3
18 202 3
19 202 7
20 202 12
19 203 4
11 204 3
16 204 2
12 205 2
14 206 2
14 207 2
12 208 2
16 209 2
10 210 2
12 211 5
13 211 3
14 211 2
15 211 6
16 211 4
16 212 2
10 213 2
13 213 2
16 214 4
17 214 3
14 215 3
14 216 2
15 216 3
16 216 2
12 217 2
16 218 2
4 219 2
9 219 2
10 219 2
11 219 3
12 219 5
13 219 4
14 219 3
15 219 3
16 219 4
18 219 4
19 219 7
20 219 5
13 220 2
16 221 2
4 222 2
8 222 2
12 222 2
12 223 2
14 224 2
13 225 2
17 225 3
18 225 3
18 226 4
9 227 2
13 227 2
14 227 4
16 227 2
12 228 2
14 228 2
15 228 6
16 228 2
18 228 3
8 229 2
12 230 2
12 231 6
13 231 3
14 231 2
15 231 3
16 231 3
18 232 3
1 233 2
10 233 2
12 233 2
13 233 2
14 233 4
15 233 3
4 234 2
7 235 2
8 236 2
17 236 5
19 236 5
14 237 5
15 237 5
17 237 3
18 237 6
19 237 5
8 238 2
11 239 2
13 239 2
15 239 3
18 240 3
19 240 4
20 240 5
18 241 3
11 242 3
12 242 2
13 242 4
14 242 4
16 242 5
12 243 3
7 244 2
9 244 2
11 244 3
12 244 2
15 244 3
16 244 3
18 244 3
19 244 5
20 244 8
16 245 2
12 246 2
16 246 3
19 246 7
20 246 5
10 247 3
15 247 3
16 247 2
17 247 3
12 248 2
14 248 2
10 249 3
12 250 2
13 251 4
17 251 3
18 251 5
11 252 2
18 253 3
8 254 2
3 255 3
6 255 4
7 255 2
8 255 3
9 255 3
10 255 5
11 255 10
12 255 13
13 255 14
14 255 17
15 255 14
16 255 24
17 255 22
18 255 31
19 255 36
20 255 42
12 256 2
16 256 3
10 257 2
15 257 3
20 257 7
16 258 2
18 258 3
20 258 6
12 259 2
16 259 2
11 260 2
1 261 2
7 261 3
8 261 2
9 261 2
10 261 4
11 261 2
12 261 5
13 261 3
14 261 2
15 261 7
16 261 2
17 261 11
18 261 12
19 261 9
20 261 8
12 262 2
13 263 2
12 264 2
13 264 2
16 264 2
8 265 2
11 265 2
15 265 6
17 265 4
19 265 10
8 266 2
9 266 2
11 266 2
12 266 2
13 266 4
14 266 3
16 266 3
18 266 6
20 266 5
12 267 2
18 268 3
11 269 3
11 270 2
14 271 3
14 272 3
16 272 2
13 273 2
14 274 2
18 274 3
5 275 3
9 275 2
10 275 2
11 275 2
12 275 3
13 275 2
14 275 5
15 275 6
16 275 4
17 275 7
18 275 6
19 275 11
20 275 6
13 276 2
11 277 2
13 278 2
16 279 2
12 280 2
12 281 3
9 282 3
10 282 2
11 282 2
12 282 3
13 282 6
14 282 5
16 282 9
17 282 8
18 282 6
19 282 8
20 282 5
10 283 2
12 283 4
4 284 2
8 285 2
10 285 4
11 285 9
12 285 7
14 285 5
15 285 7
16 285 10
17 285 10
18 285 11
19 285 13
20 285 18
10 286 2
1 287 2
8 288 2
11 288 2
17 288 3
13 289 2
8 290 2
11 290 2
12 291 2
18 291 3
18 292 3
14 293 2
15 293 3
16 293 3
14 294 2
12 295 2
13 295 2
15 295 3
19 295 6
20 295 8
3 296 3
5 296 2
6 296 2
7 296 3
8 296 2
9 296 3
10 296 4
11 296 5
12 296 10
13 296 7
14 296 15
15 296 10
16 296 15
17 296 18
18 296 17
19 296 10
20 296 20
13 297 2
12 298 2
17 299 3
16 300 2
19 300 4
20 300 5
10 301 3
13 301 2
15 302 3
10 303 2
14 303 3
16 303 3
14 304 2
14 305 3
17 306 3
19 307 5
12 308 2
16 308 3
17 309 3
11 310 3
12 310 3
14 310 4
15 310 4
18 310 6
19 310 4
9 311 3
10 311 4
11 311 4
12 311 5
13 311 5
14 311 7
15 311 6
16 311 8
17 311 9
18 311 10
19 311 5
10 312 2
5 313 2
13 313 2
20 313 6
12 314 2
10 315 2
20 316 9
13 317 2
11 318 2
12 319 2
12 320 3
18 321 3
8 322 2
13 323 2
14 324 2
15 325 3
11 326 2
17 326 3
20 327 5
16 328 4
18 328 3
9 329 2
11 330 3
18 330 3
6 331 2
10 332 4
15 332 3
17 332 4
18 332 4
19 332 4
16 333 2
7 334 2
9 334 2
11 334 3
12 334 2
13 334 4
20 334 5
10 335 2
13 335 4
14 335 3
16 335 3
12 336 2
8 337 2
12 338 3
19 338 6
14 339 2
15 340 3
18 340 4
14 341 2
9 342 2
16 343 4
3 344 2
4 344 2
5 344 2
11 344 2
13 344 3
14 344 3
19 344 4
20 344 5
10 345 2
13 345 2
14 345 2
16 345 2
13 346 2
16 347 3
20 348 5
14 349 2
13 350 3
17 350 3
15 351 3
10 352 8
11 352 5
12 352 2
13 352 4
14 352 4
15 352 3
16 352 4
17 352 10
18 352 10
19 352 5
20 352 5
13 353 2
10 354 2
14 354 5
16 354 2
17 354 3
18 354 4
19 354 7
20 354 10
5 355 2
10 355 2
12 355 3
13 355 7
16 355 7
17 355 5
18 355 4
19 355 13
20 355 12
14 356 2
9 357 2
10 357 2
13 357 3
19 357 4
11 358 2
11 359 2
12 359 2
9 360 2
10 360 3
11 360 3
12 360 2
15 360 4
17 360 3
18 360 3
20 360 5
16 361 2
12 362 2
13 362 3
19 362 4
12 363 3
19 363 4
18 364 3
18 365 3
12 366 3
17 367 3
1 368 2
11 368 2
14 368 3
14 369 2
14 370 3
20 370 5
12 371 2
14 372 2
8 373 2
13 373 2
14 373 3
15 373 4
16 373 2
17 373 4
18 373 5
16 374 2
11 375 2
18 376 3
10 377 3
11 377 4
12 377 2
13 377 3
14 377 4
16 377 5
17 377 5
18 377 5
20 377 5
16 378 2
19 378 4
17 379 3
4 380 2
8 381 2
10 381 2
12 381 2
17 382 4
12 383 2
10 384 2
17 385 3
13 386 2
10 387 2
11 388 2
12 388 2
14 388 2
15 388 3
18 388 3
14 389 2
17 390 3
9 391 2
11 391 2
13 391 3
16 391 6
17 391 4
18 391 5
19 391 13
20 391 10
14 392 2
12 393 3
17 393 5
12 394 2
12 395 3
9 396 2
10 396 5
11 396 5
12 396 3
13 396 3
14 396 3
16 396 3
17 396 3
18 396 11
19 396 9
20 396 7
11 397 2
14 398 3
12 399 2
17 399 3
8 400 2
12 401 2
17 402 3
18 402 3
20 402 7
11 403 2
16 403 4
20 403 5
16 404 2
10 405 2
12 405 2
14 406 2
14 407 2
